     0.125000    0.0628319       0.0000000       0.0000000      1.00000
     0.125000     0.125664   0.00013044159  -0.00052915409     0.999596
     0.125000     0.188496   0.00052976109   0.00019285611     0.998937
     0.125000     0.251327   0.00089982973   0.00034564974     0.998542
     0.125000     0.314159    0.0013565068  -0.00047889489     0.997204
     0.125000     0.376991    0.0018011972   -0.0010446883     0.996250
     0.125000     0.439823    0.0024776585   -0.0017255868     0.994274
     0.125000     0.502655    0.0029871223   -0.0030348277     0.992686
     0.125000     0.565487    0.0038652600   -0.0036596473     0.991907
     0.125000     0.628319    0.0044487772   -0.0044876243     0.989291
     0.125000     0.691150    0.0052167775   -0.0044803245     0.988412
     0.125000     0.753982    0.0057271518   -0.0074432324     0.986447
     0.125000     0.816814    0.0062545524   -0.0086739761     0.984126
     0.125000     0.879646    0.0069314441    -0.010718703     0.982938
     0.125000     0.942478    0.0071062387    -0.011704533     0.979832
     0.125000      1.00531    0.0079440108    -0.011598075     0.978780
     0.125000      1.06814    0.0087378094    -0.011649115     0.977603
     0.125000      1.13097    0.0094611029    -0.012440783     0.975411
     0.125000      1.19381     0.010186686    -0.013088123     0.974098
     0.125000      1.25664     0.010911693    -0.014379470     0.972148
     0.125000      1.31947     0.011433505    -0.016478166     0.971259
     0.125000      1.38230     0.011831686    -0.019063932     0.969569
     0.125000      1.44513     0.012054495    -0.021458611     0.968913
     0.125000      1.50796     0.012566954    -0.022822325     0.967876
     0.125000      1.57080     0.013052757    -0.024131847     0.967278
     0.125000      1.63363     0.013748591    -0.025173154     0.966384
     0.125000      1.69646     0.014307743    -0.026496495     0.965419
     0.125000      1.75929     0.015075196    -0.027274684     0.964309
     0.125000      1.82212     0.015755403    -0.027776313     0.962932
     0.125000      1.88496     0.016492877    -0.028317726     0.962006
     0.125000      1.94779     0.017312532    -0.028000267     0.961631
     0.125000      2.01062     0.018060384    -0.029073984     0.961761
     0.125000      2.07345     0.018776360    -0.029808838     0.961501
     0.125000      2.13628     0.019034202    -0.032694185     0.961217
     0.125000      2.19911     0.019190880    -0.036600769     0.960019
     0.125000      2.26195     0.019487329    -0.039450369     0.959339
     0.125000      2.32478     0.019919917    -0.042042884     0.958088
     0.125000      2.38761     0.020710030    -0.041411524     0.957869
     0.125000      2.45044     0.021286107    -0.041875873     0.956972
     0.125000      2.51327     0.022155162    -0.040323146     0.956615
     0.125000      2.57611     0.022859736    -0.039466738     0.955475
     0.125000      2.63894     0.023934201    -0.036629386     0.955681
     0.125000      2.70177     0.024528342    -0.035997665     0.954762
     0.125000      2.76460     0.025066193    -0.036377439     0.954672
     0.125000      2.82743     0.025440464    -0.037533442     0.953695
     0.125000      2.89027     0.025712608    -0.040354313     0.953161
     0.125000      2.95310     0.026261762    -0.041416176     0.952607
     0.125000      3.01593     0.026707002    -0.043291428     0.952026
     0.125000      3.07876     0.027239359    -0.043871131     0.951508
     0.125000      3.14159     0.027816269    -0.044601499     0.951520
     0.125000      3.20442     0.028238403    -0.045652945     0.951135
     0.125000      3.26726     0.028999043    -0.045130100     0.951467
     0.125000      3.33009     0.029673492    -0.043616546     0.951067
     0.125000      3.39292     0.030318348    -0.043198238     0.950609
     0.125000      3.45575     0.030967293    -0.043033367     0.950199
     0.125000      3.51858     0.031349718    -0.044493349     0.949645
     0.125000      3.58142     0.031846237    -0.044622544     0.948987
     0.125000      3.64425     0.032250211    -0.044955695     0.948764
     0.125000      3.70708     0.032810477    -0.043911471     0.948323
     0.125000      3.76991     0.033471206    -0.042616391     0.948262
     0.125000      3.83274     0.034287148    -0.039631300     0.948025
     0.125000      3.89557     0.034897872    -0.039382762     0.947562
     0.125000      3.95841     0.035497526    -0.038378823     0.947422
     0.125000      4.02124     0.036166443    -0.038446048     0.948167
     0.125000      4.14690     0.036569417    -0.042214642     0.947733
     0.125000      4.27257     0.037046671    -0.048616513     0.949340
     0.125000      4.39823     0.037126377    -0.056249829     0.948342
     0.125000      4.52389     0.037633395    -0.059707295     0.948741
     0.125000      4.64956     0.038097493    -0.063462888     0.947412
     0.125000      4.77522     0.039130003    -0.063842924     0.948381
     0.125000      4.90088     0.039935758    -0.062338766     0.948176
     0.125000      5.02655     0.040737538    -0.061115161     0.948298
     0.125000      5.15221     0.041150492    -0.062217370     0.947159
     0.125000      5.27788     0.042236231    -0.062062559     0.949024
     0.125000      5.40354     0.043047139    -0.060283935     0.949404
     0.125000      5.52920     0.043924361    -0.058785339     0.951670
     0.125000      5.65487     0.044256061    -0.059496119     0.951771
     0.125000      5.78053     0.044822533    -0.060560735     0.953253
     0.125000      5.90619     0.045424099    -0.060704307     0.952054
     0.125000      6.03186     0.046156059    -0.059150936     0.952262
     0.125000      6.15752     0.047012035    -0.057431171     0.952868
     0.125000      6.28319     0.047820485    -0.057032675     0.955670
     0.125000      6.40885     0.048389657    -0.059676980     0.956464
     0.125000      6.53451     0.048806879    -0.058715480     0.955113
     0.125000      6.66018     0.049325719    -0.056402878     0.953395
     0.125000      6.78584     0.050031489    -0.053953168     0.954035
     0.125000      6.91150     0.050688899    -0.050018620     0.953717
     0.125000      7.03717     0.051266704    -0.046358774     0.953506
     0.125000      7.16283     0.051703982    -0.043660271     0.953320
     0.125000      7.28850     0.052306940    -0.043235092     0.955149
     0.125000      7.41416     0.052758709    -0.043168166     0.956292
     0.125000      7.53982     0.052797038    -0.041052097     0.954980
     0.125000      7.66549     0.053152652    -0.040592246     0.954893
     0.125000      7.79115     0.053522272    -0.039561425     0.954732
     0.125000      7.91681     0.054365420    -0.036287090     0.956700
     0.125000      8.04248     0.055786003    -0.032096226     0.958588
     0.125000      8.29380     0.056556728    -0.029317326     0.957945
     0.125000      8.54513     0.058246722    -0.023037473     0.959758
     0.125000      8.79646     0.058198539    -0.023464409     0.958913
     0.125000      9.04779     0.059509242    -0.021032227     0.962713
     0.125000      9.29911     0.060363961    -0.020461036     0.963037
     0.125000      9.55044     0.062214164    -0.011517368     0.968651
     0.125000      9.80177     0.063406999   -0.0068612104     0.970457
     0.250000    0.0628319       0.0000000       0.0000000      1.00000
     0.250000     0.125664   0.00016293077  -0.00026901109     0.999672
     0.250000     0.188496   0.00043093432  -0.00052313308     0.998853
     0.250000     0.251327   0.00068563684   -0.0012619635     0.998253
     0.250000     0.314159    0.0011578061   -0.0020514125     0.996981
     0.250000     0.376991    0.0015850096   -0.0029919536     0.995948
     0.250000     0.439823    0.0022173217   -0.0041901136     0.994070
     0.250000     0.502655    0.0027217065   -0.0059356545     0.992465
     0.250000     0.565487    0.0035649764   -0.0069665079     0.991671
     0.250000     0.628319    0.0040642120   -0.0089359595     0.988936
     0.250000     0.691150    0.0047411626    -0.010065204     0.988029
     0.250000     0.753982    0.0054921434    -0.011911195     0.986300
     0.250000     0.816814    0.0060835293    -0.013495714     0.983872
     0.250000     0.879646    0.0068477791    -0.015426236     0.982858
     0.250000     0.942478    0.0072360410    -0.016611192     0.979660
     0.250000      1.00531    0.0078772464    -0.017978691     0.978300
     0.250000      1.06814    0.0085047355    -0.019383857     0.976867
     0.250000      1.13097    0.0092461732    -0.020769275     0.974579
     0.250000      1.19381    0.0099370598    -0.022348570     0.973046
     0.250000      1.25664     0.010679017    -0.023898522     0.971156
     0.250000      1.31947     0.011302887    -0.025851571     0.970249
     0.250000      1.38230     0.011884077    -0.027451484     0.968734
     0.250000      1.44513     0.012329324    -0.029206338     0.968136
     0.250000      1.50796     0.012871182    -0.030663702     0.967121
     0.250000      1.57080     0.013386940    -0.032060018     0.966603
     0.250000      1.63363     0.014057929    -0.033075210     0.965378
     0.250000      1.69646     0.014675427    -0.034138719     0.964295
     0.250000      1.75929     0.015400408    -0.034727760     0.962630
     0.250000      1.82212     0.016030752    -0.035200191     0.961278
     0.250000      1.88496     0.016612216    -0.035829501     0.960133
     0.250000      1.94779     0.017203432    -0.036832134     0.959959
     0.250000      2.01062     0.017794769    -0.038233297     0.959811
     0.250000      2.07345     0.018382076    -0.039294217     0.959765
     0.250000      2.13628     0.018808228    -0.040094912     0.959550
     0.250000      2.19911     0.019289540    -0.040681486     0.959142
     0.250000      2.26195     0.019825880    -0.041053254     0.958684
     0.250000      2.32478     0.020361114    -0.041601610     0.957518
     0.250000      2.38761     0.020946984    -0.042025638     0.956487
     0.250000      2.45044     0.021408067    -0.042575597     0.954792
     0.250000      2.51327     0.021981408    -0.042753996     0.953792
     0.250000      2.57611     0.022494207    -0.042787964     0.952540
     0.250000      2.63894     0.023067312    -0.043127743     0.952380
     0.250000      2.70177     0.023526130    -0.043738798     0.951918
     0.250000      2.76460     0.024062417    -0.044682993     0.952069
     0.250000      2.82743     0.024622468    -0.045300679     0.951951
     0.250000      2.89027     0.025149632    -0.046156599     0.951967
     0.250000      2.95310     0.025642317    -0.046428791     0.951343
     0.250000      3.01593     0.026131042    -0.046420117     0.949733
     0.250000      3.07876     0.026660137    -0.045846120     0.948207
     0.250000      3.14159     0.027076170    -0.046284848     0.947274
     0.250000      3.20442     0.027544533    -0.046493165     0.947043
     0.250000      3.26726     0.028072090    -0.046883706     0.946475
     0.250000      3.33009     0.028639281    -0.046689236     0.945297
     0.250000      3.39292     0.029147635    -0.046971182     0.944387
     0.250000      3.45575     0.029627033    -0.047492925     0.944127
     0.250000      3.51858     0.030166204    -0.047373107     0.943898
     0.250000      3.58142     0.030648554    -0.047203740     0.943119
     0.250000      3.64425     0.031030288    -0.046838844     0.942243
     0.250000      3.70708     0.031353452    -0.046766586     0.941670
     0.250000      3.76991     0.031759030    -0.047300729     0.941802
     0.250000      3.83274     0.032255492    -0.047894864     0.941637
     0.250000      3.89557     0.032785806    -0.049239431     0.941523
     0.250000      3.95841     0.033281287    -0.049318207     0.941416
     0.250000      4.02124     0.033850155    -0.049551864     0.941078
     0.250000      4.14690     0.034597392    -0.049045728     0.940509
     0.250000      4.27257     0.035680747    -0.049832065     0.940836
     0.250000      4.39823     0.036630628    -0.049880534     0.940588
     0.250000      4.52389     0.037569255    -0.049830647     0.940380
     0.250000      4.64956     0.038139100    -0.048259678     0.938391
     0.250000      4.77522     0.038915012    -0.047427774     0.938063
     0.250000      4.90088     0.039320866    -0.045722620     0.936475
     0.250000      5.02655     0.039989191    -0.045438916     0.936502
     0.250000      5.15221     0.040585802    -0.043924351     0.935841
     0.250000      5.27788     0.041432281    -0.043626007     0.936824
     0.250000      5.40354     0.042146381    -0.041068289     0.936229
     0.250000      5.52920     0.042914187    -0.039291586     0.934966
     0.250000      5.65487     0.043478690    -0.036822858     0.933549
     0.250000      5.78053     0.044165309    -0.035114684     0.933461
     0.250000      5.90619     0.044715362    -0.033509105     0.933886
     0.250000      6.03186     0.045536544    -0.032172632     0.933435
     0.250000      6.15752     0.046212747    -0.030948668     0.933306
     0.250000      6.28319     0.046974878    -0.029529086     0.934591
     0.250000      6.40885     0.047702212    -0.028608594     0.936791
     0.250000      6.53451     0.048379779    -0.027559625     0.937411
     0.250000      6.66018     0.049162480    -0.025897111     0.938526
     0.250000      6.78584     0.049798435    -0.023873522     0.940232
     0.250000      6.91150     0.050507215    -0.021788690     0.940678
     0.250000      7.03717     0.051011331    -0.020795361     0.940091
     0.250000      7.16283     0.051589924    -0.019987927     0.940888
     0.250000      7.28850     0.052236735    -0.018680025     0.942451
     0.250000      7.41416     0.052923596    -0.016764194     0.944937
     0.250000      7.53982     0.053465695    -0.014678105     0.945832
     0.250000      7.66549     0.053983290    -0.012046234     0.946587
     0.250000      7.79115     0.054598975    -0.010253213     0.946531
     0.250000      7.91681     0.055525810   -0.0079531470     0.948344
     0.250000      8.04248     0.056193687   -0.0075978457     0.950742
     0.250000      8.29380     0.057356977   -0.0058193974     0.955283
     0.250000      8.54513     0.058245794   -0.0012905294     0.956305
     0.250000      8.79646     0.059187547    0.0035510140     0.955526
     0.250000      9.04779     0.060197762    0.0083908917     0.955243
     0.250000      9.29911     0.061033289    0.0099142898     0.957149
     0.250000      9.55044     0.062397784     0.012969360     0.962958
     0.250000      9.80177     0.063013044     0.017064455     0.965107
     0.375000    0.0628319       0.0000000       0.0000000      1.00000
     0.375000     0.125664   0.00015801186  -0.00023237724     0.999681
     0.375000     0.188496   0.00042640008  -0.00051366109     0.998939
     0.375000     0.251327   0.00068933468   -0.0011906326     0.998337
     0.375000     0.314159    0.0011617996   -0.0019614446     0.997160
     0.375000     0.376991    0.0016100777   -0.0029199719     0.996156
     0.375000     0.439823    0.0022451919   -0.0040948755     0.994535
     0.375000     0.502655    0.0027858260   -0.0058568568     0.993051
     0.375000     0.565487    0.0036253080   -0.0069137300     0.992280
     0.375000     0.628319    0.0041861371   -0.0088652699     0.989722
     0.375000     0.691150    0.0049189423    -0.010246507     0.988766
     0.375000     0.753982    0.0056834556    -0.012025254     0.986996
     0.375000     0.816814    0.0064054177    -0.013801098     0.984853
     0.375000     0.879646    0.0071692647    -0.015919743     0.983728
     0.375000     0.942478    0.0077320247    -0.017375561     0.980676
     0.375000      1.00531    0.0084252809    -0.018815048     0.979245
     0.375000      1.06814    0.0091213307    -0.020337122     0.977738
     0.375000      1.13097    0.0099192633    -0.021967481     0.975617
     0.375000      1.19381     0.010695538    -0.023808134     0.974053
     0.375000      1.25664     0.011470431    -0.025621201     0.972377
     0.375000      1.31947     0.012184152    -0.027642919     0.971285
     0.375000      1.38230     0.012833371    -0.029240437     0.969750
     0.375000      1.44513     0.013426145    -0.030922348     0.968904
     0.375000      1.50796     0.014073260    -0.032416200     0.967646
     0.375000      1.57080     0.014665390    -0.033661234     0.966827
     0.375000      1.63363     0.015369940    -0.034497492     0.965069
     0.375000      1.69646     0.016087553    -0.035477038     0.963964
     0.375000      1.75929     0.016883565    -0.036038557     0.962251
     0.375000      1.82212     0.017607856    -0.036706168     0.961356
     0.375000      1.88496     0.018238979    -0.037248665     0.960198
     0.375000      1.94779     0.018870481    -0.038247516     0.960066
     0.375000      2.01062     0.019493854    -0.039330970     0.959337
     0.375000      2.07345     0.020116879    -0.040048899     0.958927
     0.375000      2.13628     0.020655562    -0.040523045     0.958074
     0.375000      2.19911     0.021140746    -0.040942376     0.957341
     0.375000      2.26195     0.021752633    -0.041203366     0.956353
     0.375000      2.32478     0.022354870    -0.041512287     0.954963
     0.375000      2.38761     0.023059428    -0.041338705     0.953558
     0.375000      2.45044     0.023606880    -0.041710508     0.951939
     0.375000      2.51327     0.024247654    -0.041992614     0.951039
     0.375000      2.57611     0.024884740    -0.042542116     0.950466
     0.375000      2.63894     0.025539068    -0.043290813     0.950507
     0.375000      2.70177     0.026076440    -0.044318533     0.950246
     0.375000      2.76460     0.026664020    -0.045357866     0.950172
     0.375000      2.82743     0.027208129    -0.045906198     0.949206
     0.375000      2.89027     0.027803414    -0.046151777     0.948423
     0.375000      2.95310     0.028385209    -0.045973864     0.946785
     0.375000      3.01593     0.029007579    -0.045889076     0.945689
     0.375000      3.07876     0.029648138    -0.045519033     0.944792
     0.375000      3.14159     0.030084382    -0.046380780     0.944377
     0.375000      3.20442     0.030634294    -0.046665397     0.944233
     0.375000      3.26726     0.031131790    -0.047217797     0.943964
     0.375000      3.33009     0.031638856    -0.047082376     0.943932
     0.375000      3.39292     0.032087303    -0.047325957     0.943645
     0.375000      3.45575     0.032510739    -0.047832307     0.943522
     0.375000      3.51858     0.033110245    -0.048117395     0.943311
     0.375000      3.58142     0.033589315    -0.048438371     0.943294
     0.375000      3.64425     0.034088182    -0.048543782     0.942572
     0.375000      3.70708     0.034515652    -0.048532198     0.942072
     0.375000      3.76991     0.034948225    -0.048750982     0.941820
     0.375000      3.83274     0.035353965    -0.048764042     0.941689
     0.375000      3.89557     0.035667606    -0.048755252     0.941376
     0.375000      3.95841     0.036052992    -0.048032272     0.940840
     0.375000      4.02124     0.036556396    -0.046744040     0.939839
     0.375000      4.14690     0.037430707    -0.046257078     0.940508
     0.375000      4.27257     0.038286434    -0.044921082     0.940318
     0.375000      4.39823     0.039014557    -0.044985548     0.941176
     0.375000      4.52389     0.039489963    -0.043661287     0.939406
     0.375000      4.64956     0.040172042    -0.043439678     0.939178
     0.375000      4.77522     0.041026880    -0.042576118     0.939533
     0.375000      4.90088     0.042035009    -0.040422671     0.940149
     0.375000      5.02655     0.042717905    -0.038480845     0.940180
     0.375000      5.15221     0.043386422    -0.036346741     0.939945
     0.375000      5.27788     0.043910114    -0.036254666     0.941385
     0.375000      5.40354     0.044875548    -0.035474355     0.942936
     0.375000      5.52920     0.045734652    -0.034147425     0.944201
     0.375000      5.65487     0.046359202    -0.032243546     0.944031
     0.375000      5.78053     0.046840625    -0.030095770     0.943620
     0.375000      5.90619     0.047391032    -0.028924319     0.943833
     0.375000      6.03186     0.048288835    -0.027732607     0.944646
     0.375000      6.15752     0.049264135    -0.026924171     0.946008
     0.375000      6.28319     0.050174882    -0.026256352     0.947181
     0.375000      6.40885     0.050870797    -0.024949300     0.948900
     0.375000      6.53451     0.051407107    -0.022956634     0.949596
     0.375000      6.66018     0.051992259    -0.019929227     0.949315
     0.375000      6.78584     0.052641367    -0.017557376     0.948581
     0.375000      6.91150     0.053239495    -0.015093142     0.948183
     0.375000      7.03717     0.053931279    -0.013489518     0.949924
     0.375000      7.16283     0.054578812    -0.011605813     0.951106
     0.375000      7.28850     0.055054830    -0.010281418     0.952137
     0.375000      7.41416     0.055506763   -0.0080970795     0.952111
     0.375000      7.53982     0.056079436   -0.0063688258     0.953406
     0.375000      7.66549     0.057099630   -0.0039879336     0.955479
     0.375000      7.79115     0.057868488   -0.0020312626     0.957033
     0.375000      7.91681     0.058565426   0.00039737424     0.958237
     0.375000      8.04248     0.059367281    0.0023990826     0.961126
     0.375000      8.29380     0.060251252    0.0058662225     0.963834
     0.375000      8.54513     0.061572543     0.010406344     0.967462
     0.375000      8.79646     0.062554440     0.013155662     0.969564
     0.375000      9.04779     0.064205301     0.017476271     0.972560
     0.375000      9.29911     0.065111929     0.019918199     0.974899
     0.375000      9.55044     0.066222371     0.025409442     0.976975
     0.375000      9.80177     0.067275005     0.030097217     0.980150
     0.500000    0.0628319       0.0000000       0.0000000      1.00000
     0.500000     0.125664   0.00014920398  -0.00019806268     0.999695
     0.500000     0.188496   0.00040915812  -0.00047092492     0.999035
     0.500000     0.251327   0.00067112903   -0.0010843823     0.998422
     0.500000     0.314159    0.0011347299   -0.0017960161     0.997322
     0.500000     0.376991    0.0015816732   -0.0027108085     0.996331
     0.500000     0.439823    0.0021960931   -0.0038026971     0.994916
     0.500000     0.502655    0.0027561388   -0.0054569194     0.993481
     0.500000     0.565487    0.0035687048   -0.0064728263     0.992647
     0.500000     0.628319    0.0041625795   -0.0082742878     0.990242
     0.500000     0.691150    0.0049154305   -0.0096863226     0.989132
     0.500000     0.753982    0.0056549627    -0.011251849     0.987353
     0.500000     0.816814    0.0064576755    -0.013010765     0.985436
     0.500000     0.879646    0.0071892410    -0.014980658     0.984056
     0.500000     0.942478    0.0078789801    -0.016427218     0.981038
     0.500000      1.00531    0.0085901548    -0.017742994     0.979523
     0.500000      1.06814    0.0093091766    -0.019140623     0.977818
     0.500000      1.13097     0.010134304    -0.020726860     0.975690
     0.500000      1.19381     0.010966619    -0.022487035     0.973920
     0.500000      1.25664     0.011796321    -0.024188179     0.972236
     0.500000      1.31947     0.012570784    -0.025842016     0.970759
     0.500000      1.38230     0.013296766    -0.027122449     0.969068
     0.500000      1.44513     0.013973243    -0.028420022     0.967740
     0.500000      1.50796     0.014687359    -0.029526425     0.966118
     0.500000      1.57080     0.015288076    -0.030319660     0.964801
     0.500000      1.63363     0.016008841    -0.030750581     0.962731
     0.500000      1.69646     0.016703177    -0.031465706     0.961431
     0.500000      1.75929     0.017463238    -0.031744403     0.959415
     0.500000      1.82212     0.018166523    -0.032138750     0.958204
     0.500000      1.88496     0.018825835    -0.032305577     0.956515
     0.500000      1.94779     0.019445444    -0.032849149     0.955832
     0.500000      2.01062     0.020068955    -0.033497707     0.954705
     0.500000      2.07345     0.020667528    -0.033839134     0.954112
     0.500000      2.13628     0.021258628    -0.033983594     0.952867
     0.500000      2.19911     0.021721545    -0.034278468     0.951839
     0.500000      2.26195     0.022359983    -0.034291386     0.950466
     0.500000      2.32478     0.022992822    -0.034491151     0.949113
     0.500000      2.38761     0.023685991    -0.034080128     0.947574
     0.500000      2.45044     0.024226346    -0.034361195     0.945863
     0.500000      2.51327     0.024866305    -0.034727532     0.944808
     0.500000      2.57611     0.025533610    -0.035412024     0.944320
     0.500000      2.63894     0.026135379    -0.035970874     0.943981
     0.500000      2.70177     0.026667203    -0.036417675     0.943225
     0.500000      2.76460     0.027180130    -0.036652894     0.942490
     0.500000      2.82743     0.027675071    -0.036699330     0.941324
     0.500000      2.89027     0.028238310    -0.036683167     0.940857
     0.500000      2.95310     0.028818048    -0.036650261     0.939889
     0.500000      3.01593     0.029480937    -0.036829062     0.939724
     0.500000      3.07876     0.030074971    -0.036573303     0.939416
     0.500000      3.14159     0.030562721    -0.036969910     0.938886
     0.500000      3.20442     0.031092637    -0.036718702     0.938059
     0.500000      3.26726     0.031573536    -0.037065822     0.937519
     0.500000      3.33009     0.032108259    -0.036760277     0.937340
     0.500000      3.39292     0.032499396    -0.036663521     0.936881
     0.500000      3.45575     0.032871221    -0.036200011     0.935879
     0.500000      3.51858     0.033325365    -0.035836998     0.935158
     0.500000      3.58142     0.033916831    -0.036061642     0.935468
     0.500000      3.64425     0.034477763    -0.036103080     0.935270
     0.500000      3.70708     0.034959608    -0.035918028     0.935129
     0.500000      3.76991     0.035299361    -0.034745730     0.933965
     0.500000      3.83274     0.035709898    -0.034050160     0.933577
     0.500000      3.89557     0.036005517    -0.033606183     0.932890
     0.500000      3.95841     0.036461727    -0.033340191     0.932723
     0.500000      4.02124     0.036918950    -0.032213231     0.931692
     0.500000      4.14690     0.037636796    -0.030781307     0.930414
     0.500000      4.27257     0.038360861    -0.028959675     0.928765
     0.500000      4.39823     0.039253248    -0.028184886     0.928921
     0.500000      4.52389     0.040107757    -0.027313815     0.928979
     0.500000      4.64956     0.040979761    -0.026753042     0.929462
     0.500000      4.77522     0.041806631    -0.025516006     0.929362
     0.500000      4.90088     0.042545472    -0.023750682     0.929770
     0.500000      5.02655     0.043186219    -0.021980719     0.929719
     0.500000      5.15221     0.043677935    -0.020076282     0.929404
     0.500000      5.27788     0.044046841    -0.019261068     0.928712
     0.500000      5.40354     0.044744018    -0.017508137     0.928875
     0.500000      5.52920     0.045611836    -0.016398194     0.929841
     0.500000      5.65487     0.046482624    -0.014630643     0.931088
     0.500000      5.78053     0.047207293    -0.012948314     0.931474
     0.500000      5.90619     0.047544754    -0.010933036     0.931062
     0.500000      6.03186     0.048244262   -0.0083984877     0.930597
     0.500000      6.15752     0.048742600   -0.0068055163     0.931209
     0.500000      6.28319     0.049432449   -0.0051517137     0.931657
     0.500000      6.40885     0.050058200   -0.0035248342     0.933012
     0.500000      6.53451     0.050840223   -0.0019123433     0.934083
     0.500000      6.66018     0.051551977  -0.00017244135     0.935468
     0.500000      6.78584     0.052207088    0.0011885487     0.937184
     0.500000      6.91150     0.052731522    0.0032508721     0.938868
     0.500000      7.03717     0.053264576    0.0053971359     0.939977
     0.500000      7.16283     0.053844802    0.0076100666     0.940701
     0.500000      7.28850     0.054444669    0.0091859056     0.940946
     0.500000      7.41416     0.054970380     0.012010630     0.940843
     0.500000      7.53982     0.055379159     0.014754257     0.940952
     0.500000      7.66549     0.056113670     0.017084548     0.942388
     0.500000      7.79115     0.056818326     0.017977716     0.944393
     0.500000      7.91681     0.057665952     0.018696311     0.947040
     0.500000      8.04248     0.058545754     0.020503819     0.949687
     0.500000      8.29380     0.059061485     0.023759459     0.950302
     0.500000      8.54513     0.060151996     0.029635332     0.952793
     0.500000      8.79646     0.060963047     0.035194662     0.953770
     0.500000      9.04779     0.062691995     0.040205714     0.960969
     0.500000      9.29911     0.063984814     0.043917532     0.965159
     0.500000      9.55044     0.065433037     0.047984908     0.970071
     0.500000      9.80177     0.066529081     0.053114261     0.971524
     0.750000    0.0628319       0.0000000       0.0000000      1.00000
     0.750000     0.125664   0.00012964296  -0.00014421495     0.999736
     0.750000     0.188496   0.00035836861  -0.00036268272     0.999223
     0.750000     0.251327   0.00061037435  -0.00085110071     0.998640
     0.750000     0.314159    0.0010363915   -0.0014444296     0.997713
     0.750000     0.376991    0.0014516348   -0.0022206100     0.996746
     0.750000     0.439823    0.0019911742   -0.0030919704     0.995703
     0.750000     0.502655    0.0025568971   -0.0044144172     0.994319
     0.750000     0.565487    0.0033181132   -0.0052541357     0.993354
     0.750000     0.628319    0.0039073171   -0.0066844166     0.991248
     0.750000     0.691150    0.0047260765   -0.0080723580     0.989796
     0.750000     0.753982    0.0053657527   -0.0091093226     0.988274
     0.750000     0.816814    0.0062386757    -0.010569592     0.986531
     0.750000     0.879646    0.0069820273    -0.012174404     0.984808
     0.750000     0.942478    0.0078554086    -0.013708260     0.982139
     0.750000      1.00531    0.0085677642    -0.014684736     0.980619
     0.750000      1.06814    0.0093358100    -0.015871429     0.978735
     0.750000      1.13097     0.010234149    -0.017213249     0.976509
     0.750000      1.19381     0.011125184    -0.018499033     0.974461
     0.750000      1.25664     0.011982482    -0.019561157     0.972690
     0.750000      1.31947     0.012730446    -0.020497272     0.970963
     0.750000      1.38230     0.013459928    -0.021169654     0.969256
     0.750000      1.44513     0.014154782    -0.021964669     0.967408
     0.750000      1.50796     0.014898753    -0.022552911     0.965462
     0.750000      1.57080     0.015538701    -0.023077272     0.963514
     0.750000      1.63363     0.016324085    -0.023218985     0.961328
     0.750000      1.69646     0.016987402    -0.023500169     0.959687
     0.750000      1.75929     0.017711072    -0.023505891     0.957739
     0.750000      1.82212     0.018350887    -0.023720344     0.956395
     0.750000      1.88496     0.019077382    -0.024024698     0.954655
     0.750000      1.94779     0.019713533    -0.024604210     0.953581
     0.750000      2.01062     0.020331602    -0.025137278     0.952427
     0.750000      2.07345     0.020936858    -0.025475306     0.951529
     0.750000      2.13628     0.021525609    -0.025590253     0.950209
     0.750000      2.19911     0.022092693    -0.025940254     0.948801
     0.750000      2.26195     0.022709678    -0.025968868     0.947399
     0.750000      2.32478     0.023331391    -0.025923992     0.946048
     0.750000      2.38761     0.023926176    -0.025003470     0.944525
     0.750000      2.45044     0.024480247    -0.024754622     0.942980
     0.750000      2.51327     0.025069370    -0.024695562     0.941940
     0.750000      2.57611     0.025645458    -0.025151817     0.941106
     0.750000      2.63894     0.026206656    -0.025118912     0.940650
     0.750000      2.70177     0.026698892    -0.024960202     0.939933
     0.750000      2.76460     0.027186777    -0.024546867     0.939258
     0.750000      2.82743     0.027635696    -0.024279416     0.938301
     0.750000      2.89027     0.028111190    -0.023655452     0.937386
     0.750000      2.95310     0.028688083    -0.023689321     0.936831
     0.750000      3.01593     0.029210259    -0.023349497     0.936109
     0.750000      3.07876     0.029767229    -0.023331015     0.935479
     0.750000      3.14159     0.030314344    -0.022865643     0.934635
     0.750000      3.20442     0.030836068    -0.022674902     0.934119
     0.750000      3.26726     0.031408808    -0.022652621     0.934078
     0.750000      3.33009     0.031857485    -0.022499193     0.933737
     0.750000      3.39292     0.032309628    -0.022202245     0.933028
     0.750000      3.45575     0.032621090    -0.021450781     0.931935
     0.750000      3.51858     0.033054379    -0.020660427     0.931431
     0.750000      3.58142     0.033545201    -0.019890239     0.930995
     0.750000      3.64425     0.033974019    -0.019151100     0.930314
     0.750000      3.70708     0.034399043    -0.018247253     0.929205
     0.750000      3.76991     0.034832805    -0.017431982     0.928308
     0.750000      3.83274     0.035299979    -0.017010640     0.928168
     0.750000      3.89557     0.035791119    -0.016664116     0.928201
     0.750000      3.95841     0.036235379    -0.015991348     0.927855
     0.750000      4.02124     0.036860577    -0.015369847     0.927672
     0.750000      4.14690     0.037514680    -0.014222796     0.927039
     0.750000      4.27257     0.038286503    -0.012892941     0.926450
     0.750000      4.39823     0.039014448    -0.011305873     0.925814
     0.750000      4.52389     0.039848254    -0.010004696     0.925925
     0.750000      4.64956     0.040809696   -0.0092183430     0.926625
     0.750000      4.77522     0.041732176   -0.0080898279     0.927036
     0.750000      4.90088     0.042468232   -0.0057747291     0.926752
     0.750000      5.02655     0.043156634   -0.0033932240     0.926389
     0.750000      5.15221     0.043802226  -0.00066428864     0.926248
     0.750000      5.27788     0.044475846    0.0010035290     0.926137
     0.750000      5.40354     0.045133524    0.0028156603     0.926789
     0.750000      5.52920     0.045921852    0.0039325292     0.927085
     0.750000      5.65487     0.046610734    0.0060133598     0.927888
     0.750000      5.78053     0.047174654    0.0079390445     0.928143
     0.750000      5.90619     0.047781650     0.011059029     0.928198
     0.750000      6.03186     0.048461565     0.012813264     0.928250
     0.750000      6.15752     0.049384421     0.014666922     0.929461
     0.750000      6.28319     0.050168944     0.016050280     0.931282
     0.750000      6.40885     0.050905811     0.017438858     0.932764
     0.750000      6.53451     0.051499297     0.019974858     0.933577
     0.750000      6.66018     0.051990031     0.022675321     0.933763
     0.750000      6.78584     0.052833507     0.025172777     0.935335
     0.750000      6.91150     0.053552821     0.027847202     0.935830
     0.750000      7.03717     0.054334329     0.029531714     0.937227
     0.750000      7.16283     0.054732473     0.031504035     0.937733
     0.750000      7.28850     0.055521160     0.033903776     0.939904
     0.750000      7.41416     0.055993672     0.037033693     0.940767
     0.750000      7.53982     0.056695557     0.039713972     0.942571
     0.750000      7.66549     0.057103686     0.041785042     0.942791
     0.750000      7.79115     0.057968193     0.043925305     0.945050
     0.750000      7.91681     0.058599879     0.046175817     0.946841
     0.750000      8.04248     0.059299473     0.048360821     0.949342
     0.750000      8.29380     0.060445706     0.051816299     0.950312
     0.750000      8.54513     0.061656420     0.056996175     0.953229
     0.750000      8.79646     0.063087988     0.062157311     0.956936
     0.750000      9.04779     0.064048620     0.067231803     0.961631
     0.750000      9.29911     0.065237903     0.071850797     0.964564
     0.750000      9.55044     0.066701328     0.076999881     0.967961
     0.750000      9.80177     0.067736796     0.079780352     0.970370
      1.00000    0.0628319       0.0000000       0.0000000      1.00000
      1.00000     0.125664   0.00010662426  -0.00010157290     0.999785
      1.00000     0.188496   0.00029668154  -0.00026393780     0.999374
      1.00000     0.251327   0.00052180216  -0.00064318998     0.998858
      1.00000     0.314159   0.00088657176   -0.0011033897     0.998140
      1.00000     0.376991    0.0012549388   -0.0017139773     0.997278
      1.00000     0.439823    0.0017300034   -0.0023850609     0.996387
      1.00000     0.502655    0.0022586109   -0.0033664980     0.995219
      1.00000     0.565487    0.0029235258   -0.0040656744     0.994225
      1.00000     0.628319    0.0035017013   -0.0052405821     0.992396
      1.00000     0.691150    0.0043028106   -0.0065174602     0.990904
      1.00000     0.753982    0.0048561851   -0.0072535934     0.989597
      1.00000     0.816814    0.0057160585   -0.0084853414     0.988003
      1.00000     0.879646    0.0064848998   -0.0097480365     0.986175
      1.00000     0.942478    0.0073213201    -0.011081347     0.984184
      1.00000      1.00531    0.0080208962    -0.011950805     0.982609
      1.00000      1.06814    0.0088100036    -0.013048950     0.980730
      1.00000      1.13097    0.0097175450    -0.014131721     0.978573
      1.00000      1.19381     0.010593436    -0.015155351     0.976565
      1.00000      1.25664     0.011409247    -0.015937135     0.974756
      1.00000      1.31947     0.012105281    -0.016738154     0.973038
      1.00000      1.38230     0.012802805    -0.017309150     0.971328
      1.00000      1.44513     0.013552985    -0.017993092     0.969406
      1.00000      1.50796     0.014356341    -0.018374675     0.967408
      1.00000      1.57080     0.015040084    -0.018685424     0.965504
      1.00000      1.63363     0.015777442    -0.018693975     0.963519
      1.00000      1.69646     0.016426806    -0.018750835     0.961862
      1.00000      1.75929     0.017133749    -0.018750577     0.960066
      1.00000      1.82212     0.017753808    -0.019317313     0.958793
      1.00000      1.88496     0.018433615    -0.019772424     0.957192
      1.00000      1.94779     0.019039349    -0.020381620     0.955959
      1.00000      2.01062     0.019613080    -0.020265855     0.954517
      1.00000      2.07345     0.020212630    -0.020194917     0.953299
      1.00000      2.13628     0.020809734    -0.019997053     0.951931
      1.00000      2.19911     0.021431781    -0.019898272     0.950279
      1.00000      2.26195     0.021997774    -0.019400281     0.948672
      1.00000      2.32478     0.022556672    -0.018673174     0.947079
      1.00000      2.38761     0.023136179    -0.017432374     0.945550
      1.00000      2.45044     0.023703077    -0.016970432     0.944328
      1.00000      2.51327     0.024288702    -0.016678782     0.943388
      1.00000      2.57611     0.024817940    -0.016768720     0.942812
      1.00000      2.63894     0.025280766    -0.016316245     0.942152
      1.00000      2.70177     0.025734917    -0.015751867     0.941308
      1.00000      2.76460     0.026183778    -0.015075373     0.940485
      1.00000      2.82743     0.026664634    -0.014499939     0.939277
      1.00000      2.89027     0.027133196    -0.013680086     0.938176
      1.00000      2.95310     0.027690828    -0.012915688     0.937308
      1.00000      3.01593     0.028179488    -0.012307525     0.936599
      1.00000      3.07876     0.028710263    -0.011811253     0.935663
      1.00000      3.14159     0.029115696    -0.011081287     0.934602
      1.00000      3.20442     0.029566916    -0.010522832     0.934117
      1.00000      3.26726     0.029953402   -0.0098037595     0.933640
      1.00000      3.33009     0.030329760   -0.0093384890     0.933264
      1.00000      3.39292     0.030743082   -0.0082373146     0.932385
      1.00000      3.45575     0.031216388   -0.0071187828     0.931724
      1.00000      3.51858     0.031743524   -0.0056092516     0.930954
      1.00000      3.58142     0.032292481   -0.0049563160     0.930240
      1.00000      3.64425     0.032725853   -0.0043586114     0.929735
      1.00000      3.70708     0.033107991   -0.0038002728     0.928975
      1.00000      3.76991     0.033436148   -0.0030607463     0.928413
      1.00000      3.83274     0.033776997   -0.0023845323     0.927774
      1.00000      3.89557     0.034184590   -0.0019506246     0.927612
      1.00000      3.95841     0.034563356   -0.0011131259     0.927479
      1.00000      4.02124     0.035077699   0.00054973220     0.926857
      1.00000      4.14690     0.035698756    0.0019208651     0.926333
      1.00000      4.27257     0.036480451    0.0044284173     0.925122
      1.00000      4.39823     0.037351418    0.0065134386     0.924698
      1.00000      4.52389     0.038053290    0.0093457093     0.923320
      1.00000      4.64956     0.038797049     0.010378475     0.923449
      1.00000      4.77522     0.039372621     0.011375764     0.923666
      1.00000      4.90088     0.040181933     0.012257579     0.924855
      1.00000      5.02655     0.040807649     0.014260881     0.925435
      1.00000      5.15221     0.041479746     0.016288330     0.925741
      1.00000      5.27788     0.041955918     0.018109246     0.925954
      1.00000      5.40354     0.042635063     0.020979980     0.925865
      1.00000      5.52920     0.043280926     0.023286361     0.925954
      1.00000      5.65487     0.044002002     0.025581219     0.926345
      1.00000      5.78053     0.044676002     0.027186649     0.926944
      1.00000      5.90619     0.045304322     0.029014955     0.928257
      1.00000      6.03186     0.045922632     0.031642053     0.928706
      1.00000      6.15752     0.046563671     0.033498295     0.930238
      1.00000      6.28319     0.047282422     0.035424116     0.931653
      1.00000      6.40885     0.047865833     0.038083503     0.932185
      1.00000      6.53451     0.048394736     0.040649574     0.932617
      1.00000      6.66018     0.048939922     0.043969064     0.933406
      1.00000      6.78584     0.049734955     0.046058902     0.935941
      1.00000      6.91150     0.050567485     0.048624975     0.938119
      1.00000      7.03717     0.051301730     0.051522577     0.939252
      1.00000      7.16283     0.051822174     0.054410349     0.940543
      1.00000      7.28850     0.052248439     0.057820840     0.940993
      1.00000      7.41416     0.052711351     0.060320183     0.941676
      1.00000      7.53982     0.053403557     0.062751070     0.943590
      1.00000      7.66549     0.054173939     0.064958384     0.946605
      1.00000      7.79115     0.055024169     0.067162215     0.949771
      1.00000      7.91681     0.055792682     0.069665415     0.951941
      1.00000      8.04248     0.056508498     0.072589402     0.952313
      1.00000      8.29380     0.057639464     0.076863429     0.954126
      1.00000      8.54513     0.058803015     0.081486803     0.957570
      1.00000      8.79646     0.060300258     0.087527618     0.963088
      1.00000      9.04779     0.061475489     0.093119770     0.968051
      1.00000      9.29911     0.062736464     0.099509322     0.972148
      1.00000      9.55044     0.064070722      0.10475415     0.976576
      1.00000      9.80177     0.065225341      0.11006162     0.979558
      1.25000    0.0628319       0.0000000       0.0000000      1.00000
      1.25000     0.125664   8.2784635e-05  -7.4628884e-05     0.999840
      1.25000     0.188496   0.00023273308  -0.00018622993     0.999508
      1.25000     0.251327   0.00042527060  -0.00046786853     0.999075
      1.25000     0.314159   0.00071380678  -0.00080643479     0.998547
      1.25000     0.376991    0.0010318007   -0.0012606864     0.997850
      1.25000     0.439823    0.0014392883   -0.0017698418     0.997095
      1.25000     0.502655    0.0018947716   -0.0024806552     0.996175
      1.25000     0.565487    0.0024439780   -0.0030905579     0.995266
      1.25000     0.628319    0.0030036164   -0.0040358027     0.993817
      1.25000     0.691150    0.0037064659   -0.0051106191     0.992478
      1.25000     0.753982    0.0042129439   -0.0056566408     0.991359
      1.25000     0.816814    0.0049848399   -0.0066901500     0.989896
      1.25000     0.879646    0.0057077783   -0.0076014861     0.988244
      1.25000     0.942478    0.0064356465   -0.0087223295     0.986812
      1.25000      1.00531    0.0071173761   -0.0095495251     0.985364
      1.25000      1.06814    0.0079022664    -0.010546006     0.983690
      1.25000      1.13097    0.0087489111    -0.011408199     0.981877
      1.25000      1.19381    0.0095939090    -0.012289190     0.980063
      1.25000      1.25664     0.010368617    -0.012989956     0.978345
      1.25000      1.31947     0.011104238    -0.013771528     0.976565
      1.25000      1.38230     0.011794493    -0.014259398     0.974847
      1.25000      1.44513     0.012575627    -0.014747959     0.972923
      1.25000      1.50796     0.013338921    -0.014969534     0.971125
      1.25000      1.57080     0.014053812    -0.015204810     0.969271
      1.25000      1.63363     0.014787786    -0.015476936     0.967454
      1.25000      1.69646     0.015501684    -0.015634436     0.965688
      1.25000      1.75929     0.016234410    -0.015995504     0.964066
      1.25000      1.82212     0.016901299    -0.016596126     0.962598
      1.25000      1.88496     0.017587444    -0.016954667     0.961031
      1.25000      1.94779     0.018187450    -0.017126341     0.959630
      1.25000      2.01062     0.018786650    -0.016529134     0.958154
      1.25000      2.07345     0.019381588    -0.016238477     0.956871
      1.25000      2.13628     0.019993696    -0.015982435     0.955488
      1.25000      2.19911     0.020568414    -0.015783769     0.954040
      1.25000      2.26195     0.021152769    -0.015251308     0.952333
      1.25000      2.32478     0.021755935    -0.014479030     0.950792
      1.25000      2.38761     0.022375677    -0.013500534     0.949387
      1.25000      2.45044     0.022940076    -0.013368380     0.948489
      1.25000      2.51327     0.023513948    -0.012930558     0.947380
      1.25000      2.57611     0.024046204    -0.012548496     0.946192
      1.25000      2.63894     0.024516058    -0.011419255     0.944812
      1.25000      2.70177     0.025026235    -0.010717978     0.943438
      1.25000      2.76460     0.025513620    -0.010208430     0.942605
      1.25000      2.82743     0.026064235   -0.0095764448     0.941499
      1.25000      2.89027     0.026567936   -0.0087280363     0.940598
      1.25000      2.95310     0.027092942   -0.0078027144     0.939606
      1.25000      3.01593     0.027590580   -0.0072615600     0.938801
      1.25000      3.07876     0.028084925   -0.0066706920     0.938148
      1.25000      3.14159     0.028549919   -0.0058605838     0.937230
      1.25000      3.20442     0.028970466   -0.0049681482     0.936386
      1.25000      3.26726     0.029418020   -0.0037350645     0.935271
      1.25000      3.33009     0.029822564   -0.0027269732     0.934422
      1.25000      3.39292     0.030314319   -0.0017191793     0.933829
      1.25000      3.45575     0.030757523  -0.00080495261     0.933217
      1.25000      3.51858     0.031231506   0.00038851618     0.932646
      1.25000      3.58142     0.031692707    0.0010336833     0.931978
      1.25000      3.64425     0.032108303    0.0016244943     0.931964
      1.25000      3.70708     0.032463395    0.0022743659     0.931709
      1.25000      3.76991     0.032880719    0.0034832518     0.931664
      1.25000      3.83274     0.033248027    0.0047231144     0.930993
      1.25000      3.89557     0.033741268    0.0056167298     0.930788
      1.25000      3.95841     0.034130295    0.0065571527     0.930436
      1.25000      4.02124     0.034708056    0.0077665517     0.930172
      1.25000      4.14690     0.035321795    0.0095466832     0.929491
      1.25000      4.27257     0.036069485     0.012226606     0.928762
      1.25000      4.39823     0.036887855     0.014762085     0.928352
      1.25000      4.52389     0.037605447     0.017315923     0.927445
      1.25000      4.64956     0.038263893     0.019040010     0.927163
      1.25000      4.77522     0.038837949     0.021244730     0.926552
      1.25000      4.90088     0.039529699     0.023438850     0.926831
      1.25000      5.02655     0.040253607     0.025805038     0.927067
      1.25000      5.15221     0.040906497     0.028106001     0.927447
      1.25000      5.27788     0.041468429     0.030440086     0.927186
      1.25000      5.40354     0.042023889     0.032680712     0.927495
      1.25000      5.52920     0.042703465     0.034683070     0.928202
      1.25000      5.65487     0.043609707     0.036108799     0.930679
      1.25000      5.78053     0.044371447     0.038348037     0.931550
      1.25000      5.90619     0.044873660     0.040464426     0.931974
      1.25000      6.03186     0.045236318     0.043402252     0.931167
      1.25000      6.15752     0.045873222     0.045405311     0.931794
      1.25000      6.28319     0.046522857     0.048347119     0.932226
      1.25000      6.40885     0.047094133     0.050807821     0.933611
      1.25000      6.53451     0.047540865     0.053585067     0.934397
      1.25000      6.66018     0.048197079     0.055078750     0.936195
      1.25000      6.78584     0.048811896     0.056846371     0.937718
      1.25000      6.91150     0.049434882     0.059196159     0.938639
      1.25000      7.03717     0.050089859     0.062140917     0.940265
      1.25000      7.16283     0.050726899     0.064787204     0.941642
      1.25000      7.28850     0.051337770     0.067519995     0.943856
      1.25000      7.41416     0.052025743     0.069629478     0.945462
      1.25000      7.53982     0.052611932     0.072119368     0.947138
      1.25000      7.66549     0.053398375     0.074192485     0.949521
      1.25000      7.79115     0.053913077     0.076938139     0.951584
      1.25000      7.91681     0.054606000     0.079447350     0.953964
      1.25000      8.04248     0.055294802     0.083427025     0.956365
      1.25000      8.29380     0.056521597     0.087697894     0.958529
      1.25000      8.54513     0.057578565     0.092413852     0.961964
      1.25000      8.79646     0.058898129     0.095874445     0.966887
      1.25000      9.04779     0.060063575      0.10070220     0.972727
      1.25000      9.29911     0.061488269      0.10620732     0.977393
      1.25000      9.55044     0.062623406      0.11229870     0.980381
      1.25000      9.80177     0.063626225      0.11732204     0.983135
      1.50000    0.0628319       0.0000000       0.0000000      1.00000
      1.50000     0.125664   6.0686336e-05  -5.1344980e-05     0.999881
      1.50000     0.188496   0.00017470184  -0.00012139162     0.999620
      1.50000     0.251327   0.00033106482  -0.00032132761     0.999266
      1.50000     0.314159   0.00055047173  -0.00055650151     0.998882
      1.50000     0.376991   0.00081405765  -0.00087048467     0.998331
      1.50000     0.439823    0.0011413438   -0.0012488178     0.997721
      1.50000     0.502655    0.0015127821   -0.0017368110     0.996973
      1.50000     0.565487    0.0019523847   -0.0022378319     0.996154
      1.50000     0.628319    0.0024501047   -0.0029918461     0.994983
      1.50000     0.691150    0.0030262997   -0.0037869254     0.993848
      1.50000     0.753982    0.0034630746   -0.0042150792     0.992934
      1.50000     0.816814    0.0041211001   -0.0049796219     0.991630
      1.50000     0.879646    0.0047384253   -0.0055570913     0.990276
      1.50000     0.942478    0.0053532702   -0.0064482335     0.989128
      1.50000      1.00531    0.0059891288   -0.0071918088     0.987793
      1.50000      1.06814    0.0067160471   -0.0079961268     0.986249
      1.50000      1.13097    0.0074547972   -0.0086650064     0.984659
      1.50000      1.19381    0.0082215474   -0.0093710545     0.982965
      1.50000      1.25664    0.0089356576    -0.010027020     0.981341
      1.50000      1.31947    0.0096611984    -0.010660415     0.979591
      1.50000      1.38230     0.010308901    -0.011010028     0.978027
      1.50000      1.44513     0.011043788    -0.011355238     0.976381
      1.50000      1.50796     0.011745563    -0.011593182     0.974812
      1.50000      1.57080     0.012467772    -0.011940036     0.973121
      1.50000      1.63363     0.013172650    -0.012314281     0.971471
      1.50000      1.69646     0.013864242    -0.012463782     0.969843
      1.50000      1.75929     0.014536861    -0.012786156     0.968318
      1.50000      1.82212     0.015180020    -0.013037037     0.966741
      1.50000      1.88496     0.015821904    -0.013064708     0.965175
      1.50000      1.94779     0.016380672    -0.012731570     0.963739
      1.50000      2.01062     0.016942953    -0.012054751     0.962333
      1.50000      2.07345     0.017490976    -0.011725107     0.960985
      1.50000      2.13628     0.018096256    -0.011660827     0.959545
      1.50000      2.19911     0.018661507    -0.011298361     0.958011
      1.50000      2.26195     0.019289008    -0.010722691     0.956312
      1.50000      2.32478     0.019875285   -0.0099748766     0.954844
      1.50000      2.38761     0.020423593   -0.0093340479     0.953457
      1.50000      2.45044     0.020920662   -0.0091931348     0.952347
      1.50000      2.51327     0.021421884   -0.0083805589     0.950922
      1.50000      2.57611     0.021905167   -0.0073877475     0.949483
      1.50000      2.63894     0.022358506   -0.0061653612     0.948152
      1.50000      2.70177     0.022864216   -0.0055085883     0.946982
      1.50000      2.76460     0.023335552   -0.0050755890     0.946257
      1.50000      2.82743     0.023798289   -0.0040857478     0.945154
      1.50000      2.89027     0.024202303   -0.0031593181     0.944275
      1.50000      2.95310     0.024621872   -0.0022343722     0.943149
      1.50000      3.01593     0.025030471   -0.0017275359     0.942109
      1.50000      3.07876     0.025437200  -0.00086971856     0.941166
      1.50000      3.14159     0.025856948  -2.9813032e-05     0.940091
      1.50000      3.20442     0.026296843   0.00098147271     0.939046
      1.50000      3.26726     0.026701656    0.0020843332     0.937927
      1.50000      3.33009     0.027098421    0.0029033403     0.937253
      1.50000      3.39292     0.027451066    0.0034676250     0.936949
      1.50000      3.45575     0.027860954    0.0038501845     0.936605
      1.50000      3.51858     0.028219678    0.0048174462     0.936020
      1.50000      3.58142     0.028639509    0.0054445601     0.935633
      1.50000      3.64425     0.029033375    0.0062098714     0.935506
      1.50000      3.70708     0.029379064    0.0068083539     0.935139
      1.50000      3.76991     0.029722873    0.0078920696     0.934665
      1.50000      3.83274     0.030067139    0.0088940659     0.933554
      1.50000      3.89557     0.030438341    0.0099861307     0.932730
      1.50000      3.95841     0.030783499     0.011138075     0.931835
      1.50000      4.02124     0.031216932     0.012613698     0.931220
      1.50000      4.14690     0.031704552     0.014058519     0.930862
      1.50000      4.27257     0.032380726     0.015984001     0.930757
      1.50000      4.39823     0.033036760     0.017947816     0.930339
      1.50000      4.52389     0.033760973     0.020139907     0.930377
      1.50000      4.64956     0.034314426     0.022006190     0.930067
      1.50000      4.77522     0.034868425     0.023807698     0.930524
      1.50000      4.90088     0.035452584     0.025731583     0.930762
      1.50000      5.02655     0.036116781     0.028045366     0.930800
      1.50000      5.15221     0.036869656     0.029804122     0.931498
      1.50000      5.27788     0.037583624     0.031818164     0.931787
      1.50000      5.40354     0.038281169     0.033445363     0.932351
      1.50000      5.52920     0.038806465     0.036236570     0.932172
      1.50000      5.65487     0.039393841     0.038936935     0.932310
      1.50000      5.78053     0.040072568     0.041540012     0.933109
      1.50000      5.90619     0.040809068     0.043409838     0.934145
      1.50000      6.03186     0.041382831     0.045085905     0.935506
      1.50000      6.15752     0.042002478     0.047436600     0.936066
      1.50000      6.28319     0.042578656     0.049721989     0.937463
      1.50000      6.40885     0.043230323     0.052550855     0.938352
      1.50000      6.53451     0.043722787     0.054954553     0.939620
      1.50000      6.66018     0.044064271     0.057688314     0.940205
      1.50000      6.78584     0.044720929     0.059653491     0.941697
      1.50000      6.91150     0.045417574     0.061966813     0.943508
      1.50000      7.03717     0.046151301     0.063841198     0.944592
      1.50000      7.16283     0.046598918     0.066790386     0.945389
      1.50000      7.28850     0.047146232     0.069383355     0.946353
      1.50000      7.41416     0.047706079     0.072712557     0.947708
      1.50000      7.53982     0.048263345     0.075222559     0.949167
      1.50000      7.66549     0.048751865     0.077836341     0.950682
      1.50000      7.79115     0.049256177     0.079810972     0.952439
      1.50000      7.91681     0.049884095     0.082088107     0.954210
      1.50000      8.04248     0.050624108     0.085161306     0.956983
      1.50000      8.29380     0.051637192     0.089752970     0.961733
      1.50000      8.54513     0.052942215     0.094649217     0.967439
      1.50000      8.79646     0.054183644      0.10058846     0.971397
      1.50000      9.04779     0.055296565      0.10595091     0.973704
      1.50000      9.29911     0.056328933      0.11225381     0.975824
      1.50000      9.55044     0.057321726      0.11681935     0.979994
      1.50000      9.80177     0.058638841      0.12322761     0.984963
